.i 8
.o 1
00000100 1
00000101 1
00000110 1
00000111 1
00010100 1
00010111 1
00100100 1
00100101 1
00100110 1
00100111 1
00110111 1
01000101 1
01000110 1
01000111 1
01010111 1
01100100 1
01100101 1
01100110 1
01100111 1
01110111 1
10000100 1
10000101 1
10000110 1
10000111 1
10010111 1
10100100 1
10100101 1
10100110 1
10100111 1
10110111 1
11000100 1
11000101 1
11000110 1
11000111 1
11010111 1
11100100 1
11100101 1
11100110 1
11100111 1
11110111 1
00000010 -
00000011 -
00001011 -
00010011 -
00011011 -
00100010 -
00100011 -
00101011 -
00110011 -
00111011 -
01000010 -
01000011 -
01000100 -
01001011 -
01010011 -
01010100 -
01011011 -
01011100 -
01100010 -
01100011 -
01101011 -
01110011 -
01111011 -
10000010 -
10000011 -
10001011 -
10010011 -
10011011 -
10100011 -
10101011 -
10110011 -
10111011 -
11000010 -
11000011 -
11010011 -
11010100 -
11011100 -
11100010 -
11100011 -
11101011 -
11110011 -
11110100 -
11111011 -
11111100 -
